109 121
109 122
109 123
109 124
109 125
109 126
109 127
110 116
110 117
110 118
110 119
110 120
110 127
110 128
110 129
110 130
111 115
111 116
111 130
111 131
111 132
112 114
112 115
112 132
112 133
112 134
113 113
113 114
113 134
113 135
113 136
114 113
114 136
114 137
114 138
115 112
115 113
115 138
115 139
115 140
116 111
116 112
116 140
116 141
116 142
117 111
117 142
118 111
118 142
119 110
119 141
119 142
120 109
120 140
120 141
121 109
121 139
121 140
122 108
122 137
122 138
122 139
123 108
123 136
123 137
124 108
124 134
124 135
124 136
125 108
125 133
125 134
126 107
126 131
126 132
126 133
127 107
127 129
127 130
127 131
128 107
128 128
128 129
129 107
129 108
129 126
129 127
129 128
130 108
130 125
130 126
131 108
131 109
131 123
131 124
132 109
132 110
132 118
132 119
132 120
132 121
132 122
133 111
133 113
133 114
133 115
133 116
133 117
134 110
134 113
134 116
135 106
135 107
135 110
135 112
136 103
136 104
136 105
136 108
136 109
136 112
137 99
137 100
137 101
137 102
137 113
137 114
138 97
138 98
138 114
139 95
139 96
139 97
139 114
140 93
140 94
140 95
140 114
141 91
141 92
141 93
141 114
142 90
142 91
142 114
143 89
143 90
143 114
144 88
144 89
144 115
145 86
145 87
145 88
145 114
145 115
146 86
146 115
146 116
147 85
147 116
148 85
148 116
149 85
149 116
150 84
150 85
150 116
151 84
151 116
152 84
152 115
153 85
153 115
154 85
154 115
155 85
155 86
155 114
156 86
156 87
156 114
157 87
157 111
157 112
157 113
157 114
158 88
158 89
158 90
158 96
158 97
158 98
158 105
158 106
158 107
158 108
158 109
158 110
159 90
159 91
159 92
159 93
159 94
159 95
159 98
159 99
159 100
159 101
159 102
159 103
159 104
