254
100 116
101 107
102 104
103 99
104 96
105 93
106 90
107 89
108 88
109 85
110 82
111 80
112 78
113 76
114 75
115 73
116 72
117 71
118 70
119 69
120 68
121 67
122 66
123 66
124 65
125 64
126 63
127 63
128 62
129 61
130 60
131 60
132 59
133 59
134 59
135 59
136 59
137 59
138 59
139 58
140 58
141 57
142 56
143 55
144 55
145 54
146 54
147 54
148 53
149 53
150 52
151 52
152 52
153 52
154 52
155 52
156 52
157 52
158 52
159 52
160 52
161 52
162 52
163 51
164 51
165 51
166 52
167 52
168 52
169 52
170 52
171 52
172 52
173 52
174 52
175 52
176 52
177 52
178 52
179 53
180 53
181 53
182 53
183 54
184 54
185 54
186 54
187 55
188 55
189 56
190 56
191 56
192 57
193 58
194 58
195 59
196 60
197 61
198 62
199 63
200 64
201 65
202 66
203 68
204 69
205 74
204 75
203 77
202 79
201 80
200 81
199 82
198 83
197 84
196 85
195 86
194 88
193 89
192 91
191 92
190 93
189 93
188 93
187 93
186 94
185 95
184 94
183 95
182 96
181 96
180 95
179 95
178 94
177 93
176 93
175 93
174 92
173 92
172 92
171 92
170 92
169 92
168 92
167 92
166 92
165 92
164 92
163 93
162 93
161 93
160 94
159 94
158 94
157 95
156 95
155 96
154 97
153 98
152 100
151 103
152 109
153 111
154 113
155 114
156 115
157 116
158 116
159 116
160 117
161 117
162 117
163 117
164 117
165 117
166 117
167 117
168 117
169 116
170 116
171 116
172 115
173 115
172 118
171 119
170 120
169 120
168 121
167 122
166 123
165 124
164 125
163 127
162 129
161 130
160 130
159 130
158 130
157 131
156 131
155 132
154 132
153 133
152 133
151 134
150 135
149 135
148 136
147 136
146 136
145 136
144 138
143 138
142 139
141 141
140 142
139 142
138 143
137 143
136 144
135 145
134 145
133 145
132 145
131 145
130 144
129 144
128 143
127 143
126 143
125 143
124 145
123 145
122 146
121 147
120 147
119 147
118 147
117 147
116 147
115 147
114 147
113 147
112 147
111 147
110 147
109 148
108 147
107 146
106 144
105 143
104 141
103 139
102 136
101 131
255
100 116
101 108
102 103
103 99
104 96
105 93
106 91
107 90
108 88
109 84
110 82
111 80
112 78
113 76
114 75
115 73
116 72
117 71
118 70
119 69
120 68
121 67
122 66
123 65
124 65
125 64
126 63
127 62
128 62
129 61
130 60
131 60
132 59
133 59
134 58
135 58
136 58
137 58
138 59
139 58
140 58
141 57
142 56
143 55
144 55
145 54
146 54
147 53
148 53
149 52
150 52
151 52
152 52
153 52
154 52
155 51
156 51
157 52
158 52
159 52
160 52
161 52
162 52
163 52
164 51
165 52
166 52
167 52
168 52
169 52
170 52
171 52
172 52
173 52
174 52
175 52
176 52
177 52
178 52
179 53
180 53
181 53
182 53
183 53
184 54
185 54
186 54
187 55
188 55
189 55
190 56
191 56
192 57
193 57
194 58
195 59
196 59
197 60
198 61
199 62
200 63
201 64
202 65
203 67
204 68
205 70
204 78
203 79
202 80
201 81
200 82
199 83
198 84
197 85
196 86
195 88
194 89
193 91
192 92
191 93
190 94
189 94
188 94
187 94
186 94
185 95
184 95
183 96
182 96
181 96
180 96
179 95
178 95
177 94
176 93
175 93
174 93
173 92
172 92
171 92
170 92
169 92
168 92
167 92
166 92
165 93
164 93
163 93
162 93
161 93
160 94
159 94
158 95
157 95
156 95
155 96
154 97
153 98
152 100
151 102
152 111
153 112
154 114
155 114
156 115
157 116
158 116
159 117
160 117
161 117
162 117
163 117
164 117
165 117
166 117
167 117
168 117
169 116
170 116
171 115
172 116
173 116
174 116
172 118
171 119
170 120
169 120
168 121
167 123
166 124
165 125
164 127
163 129
162 129
161 130
160 130
159 130
158 131
157 131
156 132
155 132
154 133
153 134
152 134
151 135
150 135
149 136
148 136
147 136
146 136
145 137
144 138
143 139
142 142
141 142
140 143
139 144
138 145
137 145
136 145
135 145
134 145
133 146
132 146
131 146
130 146
129 145
128 145
127 144
126 144
125 144
124 144
123 146
122 146
121 147
120 148
119 148
118 148
117 148
116 148
115 148
114 147
113 147
112 148
111 148
110 149
109 148
108 147
107 146
106 145
105 143
104 141
103 139
102 136
101 131
260
100 115
101 109
102 103
103 100
104 96
105 93
106 91
107 90
108 89
109 84
110 82
111 80
112 78
113 76
114 75
115 73
116 72
117 71
118 70
119 69
120 68
121 67
122 66
123 65
124 65
125 64
126 63
127 62
128 62
129 61
130 60
131 60
132 59
133 59
134 58
135 58
136 58
137 58
138 59
139 59
140 58
141 57
142 56
143 55
144 55
145 54
146 54
147 53
148 53
149 52
150 52
151 52
152 52
153 52
154 51
155 51
156 51
157 51
158 51
159 52
160 52
161 52
162 52
163 52
164 52
165 52
166 52
167 52
168 52
169 52
170 52
171 52
172 52
173 52
174 52
175 52
176 52
177 52
178 52
179 52
180 53
181 53
182 53
183 53
184 54
185 54
186 54
187 54
188 55
189 55
190 55
191 56
192 56
193 57
194 58
195 58
196 59
197 60
198 61
199 62
200 63
201 63
202 65
203 66
204 67
205 69
206 72
205 78
204 79
203 80
202 82
201 83
200 84
199 85
198 86
197 87
196 88
195 89
194 91
193 92
192 93
191 94
190 94
189 93
188 93
187 93
186 93
185 94
184 96
183 97
182 97
181 97
180 97
179 96
178 95
177 95
176 94
175 93
174 93
173 93
172 93
171 93
170 93
169 92
168 93
167 93
166 93
165 93
164 93
163 93
162 93
161 94
160 94
159 94
158 95
157 95
156 95
155 96
154 97
153 98
152 99
151 102
150 106
151 107
152 112
153 113
154 114
155 115
156 116
157 116
158 117
159 117
160 117
161 117
162 117
163 117
164 117
165 117
166 117
167 117
168 117
169 117
170 116
171 116
172 115
173 115
174 115
173 117
172 118
171 119
170 120
169 121
168 123
167 124
166 125
165 127
164 128
163 129
162 129
161 130
160 130
159 131
158 131
157 132
156 133
155 133
154 134
153 135
152 135
151 136
150 136
149 137
148 138
147 139
146 140
145 140
144 142
143 143
142 143
141 144
140 144
139 145
138 146
137 146
136 146
135 146
134 146
133 147
132 147
131 147
130 147
129 146
128 146
127 145
126 145
125 145
124 145
123 147
122 147
121 148
120 148
119 149
118 149
117 148
116 148
115 148
114 148
113 149
112 149
111 149
110 149
109 148
108 147
107 146
106 145
105 143
104 142
103 140
102 136
101 131
281
100 115
101 110
102 104
103 100
104 96
105 93
106 92
107 90
108 87
109 84
110 82
111 80
112 78
113 76
114 75
115 74
116 72
117 71
118 70
119 69
120 68
121 67
122 66
123 65
124 65
125 64
126 63
127 62
128 62
129 61
130 60
131 60
132 59
133 59
134 58
135 57
136 57
137 57
138 58
139 61
140 60
141 57
142 56
143 56
144 55
145 54
146 53
147 53
148 53
149 52
150 52
151 52
152 52
153 52
154 51
155 51
156 51
157 51
158 51
159 51
160 52
161 52
162 52
163 52
164 52
165 52
166 52
167 52
168 52
169 52
170 52
171 52
172 52
173 52
174 52
175 52
176 52
177 52
178 52
179 52
180 53
181 53
182 53
183 53
184 53
185 54
186 54
187 54
188 55
189 55
190 55
191 56
192 56
193 57
194 57
195 58
196 59
197 59
198 60
199 61
200 62
201 63
202 64
203 65
204 66
205 68
206 69
207 73
206 78
205 79
204 81
203 82
202 83
201 84
200 85
199 86
198 87
197 88
196 89
195 91
194 92
193 93
192 94
191 94
190 95
189 96
188 96
187 97
186 97
185 98
184 99
183 99
182 98
181 98
180 97
179 97
178 96
177 95
176 95
175 94
174 94
173 94
172 93
171 93
170 93
169 93
168 93
167 93
166 93
165 93
164 93
163 93
162 93
161 94
160 94
159 94
158 95
157 95
156 95
155 96
154 97
153 98
152 99
151 101
150 104
151 109
152 112
153 114
154 115
155 116
156 116
157 117
158 117
159 117
160 117
161 117
162 118
163 118
164 118
165 117
166 117
167 117
168 117
169 117
170 116
171 116
172 115
173 115
174 117
172 119
171 121
170 122
169 123
168 124
167 125
166 127
165 127
164 128
163 129
162 130
161 130
160 131
159 132
158 133
157 133
156 133
155 134
154 135
153 136
152 136
151 137
150 138
149 139
148 140
147 142
146 143
145 143
144 143
143 144
142 145
141 145
140 146
139 146
138 146
150 142
151 141
152 140
153 139
154 139
155 138
156 137
157 136
158 135
159 135
160 134
161 134
162 133
163 132
164 131
165 131
166 131
167 130
168 130
137 60
137 146
136 147
135 147
134 147
133 147
132 148
131 149
130 149
129 148
128 147
127 146
126 146
125 146
124 146
123 147
122 148
121 148
120 149
119 149
118 149
117 148
116 148
115 149
114 149
113 150
112 150
111 150
110 149
109 148
108 147
107 146
106 145
105 143
104 141
103 139
102 136
101 130
264
100 115
101 110
102 104
103 100
104 96
105 94
106 92
107 91
108 87
109 84
110 82
111 80
112 78
113 77
114 75
115 74
116 73
117 71
118 70
119 69
120 68
121 67
122 66
123 65
124 65
125 64
126 63
127 62
128 62
129 61
130 60
131 60
132 59
133 58
134 58
135 57
136 57
137 57
138 57
139 58
140 60
141 61
142 57
143 56
144 55
145 54
146 53
147 53
148 53
149 52
150 52
151 52
152 52
153 51
154 51
155 51
156 51
157 51
158 51
159 51
160 52
161 52
162 52
163 52
164 52
165 52
166 52
167 52
168 52
169 52
170 52
171 52
172 52
173 52
174 52
175 52
176 52
177 52
178 52
179 52
180 53
181 53
182 53
183 53
184 53
185 54
186 54
187 54
188 55
189 55
190 55
191 55
192 56
193 56
194 57
195 58
196 58
197 59
198 60
199 61
200 62
201 63
202 63
203 65
204 66
205 67
206 68
207 71
208 75
207 78
206 80
205 81
204 82
203 83
202 84
201 85
200 86
199 87
198 88
197 89
196 91
195 92
194 93
193 93
192 94
191 95
190 96
189 97
188 97
187 97
186 98
185 99
184 101
183 100
182 99
181 99
180 98
179 97
178 97
177 96
176 95
175 95
174 94
173 94
172 94
171 93
170 93
169 93
168 93
167 93
166 93
165 93
164 93
163 93
162 94
161 94
160 94
159 94
158 95
157 95
156 96
155 96
154 97
153 98
152 99
151 100
150 104
151 110
152 112
153 114
154 115
155 116
156 117
157 117
158 118
159 118
160 118
161 118
162 118
163 118
164 118
165 118
166 117
167 117
168 117
169 117
170 116
171 116
172 115
173 115
174 115
173 119
172 120
171 122
170 123
169 123
168 124
167 126
166 127
165 128
164 129
163 129
162 130
161 131
160 132
159 132
158 133
157 134
156 134
155 135
154 136
153 137
152 137
151 138
150 139
149 140
148 141
147 142
146 143
145 144
144 144
143 145
142 146
141 147
140 147
139 147
138 147
137 147
136 148
135 148
134 148
133 149
132 149
131 148
130 149
129 149
128 149
127 149
126 148
125 148
124 149
123 149
122 150
121 150
120 151
119 151
118 151
117 151
116 151
115 151
114 150
113 150
112 150
111 150
110 149
109 148
108 147
107 146
106 144
105 143
104 141
103 138
102 136
101 130
266
100 115
101 110
102 104
103 101
104 96
105 94
106 92
107 91
108 88
109 84
110 82
111 81
112 79
113 77
114 76
115 74
116 73
117 72
118 70
119 69
120 68
121 67
122 67
123 66
124 65
125 64
126 63
127 63
128 62
129 61
130 60
131 60
132 59
133 58
134 58
135 57
136 57
137 56
138 56
139 56
140 57
141 57
142 57
143 56
144 55
145 54
146 53
147 53
148 53
149 52
150 52
151 52
152 52
153 51
154 51
155 51
156 51
157 51
158 51
159 51
160 52
161 52
162 52
163 52
164 52
165 52
166 52
167 52
168 52
169 52
170 52
171 52
172 52
173 52
174 52
175 52
176 52
177 52
178 52
179 52
180 53
181 53
182 53
183 53
184 53
185 54
186 54
187 54
188 55
189 55
190 55
191 55
192 56
193 56
194 57
195 57
196 58
197 59
198 59
199 60
200 61
201 62
202 63
203 64
204 65
205 66
206 68
207 69
208 72
209 76
208 80
207 80
206 82
205 83
204 84
203 85
202 85
201 86
200 87
199 88
198 90
197 91
196 91
195 92
194 93
193 94
192 95
191 96
190 97
189 97
188 98
187 98
186 99
185 99
184 101
183 101
182 100
181 100
180 99
179 98
178 97
177 96
176 96
175 95
174 95
173 94
172 94
171 94
170 94
169 93
168 93
167 93
166 93
165 93
164 94
163 94
162 94
161 94
160 94
159 95
158 95
157 95
156 96
155 96
154 97
153 98
152 99
151 100
150 103
151 111
152 113
153 114
154 115
155 116
156 117
157 118
158 118
159 118
160 118
161 118
162 118
163 118
164 118
165 118
166 118
167 117
168 117
169 117
170 116
171 116
172 115
173 115
174 116
173 119
172 120
171 122
170 123
169 124
168 126
167 127
166 128
165 128
164 129
163 130
162 131
161 132
160 132
159 133
158 134
157 135
156 136
155 136
154 136
153 137
152 138
151 139
150 140
149 141
148 143
147 143
146 144
145 145
144 145
143 146
142 147
141 148
140 148
139 148
138 148
137 148
136 148
135 149
134 149
133 150
132 150
131 151
130 151
129 150
128 150
127 150
126 148
125 148
124 149
123 148
122 149
121 150
120 150
119 151
118 151
117 151
116 151
115 151
114 151
113 151
112 150
111 150
110 149
109 148
108 147
107 146
106 144
105 142
104 140
103 138
102 135
101 128
268
100 116
101 110
102 105
103 101
104 97
105 95
106 93
107 92
108 88
109 85
110 83
111 81
112 79
113 78
114 76
115 75
116 73
117 72
118 71
119 70
120 69
121 68
122 67
123 66
124 65
125 64
126 64
127 63
128 62
129 61
130 61
131 60
132 59
133 59
134 58
135 57
136 57
137 56
138 56
139 56
140 56
141 56
142 57
143 57
144 55
145 54
146 53
147 53
148 53
149 52
150 52
151 52
152 52
153 51
154 51
155 51
156 51
157 51
158 51
159 51
160 52
161 52
162 52
163 52
164 52
165 52
166 52
167 52
168 52
169 52
170 52
171 52
172 52
173 52
174 52
175 52
176 52
177 52
178 52
179 52
180 53
181 53
182 53
183 53
184 53
185 54
186 54
187 54
188 54
189 55
190 55
191 56
192 56
193 56
194 57
195 57
196 58
197 58
198 59
199 60
200 61
201 62
202 63
203 64
204 65
205 66
206 67
207 68
208 70
209 73
208 81
207 81
206 83
205 84
204 85
203 86
202 87
201 88
200 88
199 89
198 90
197 91
196 92
195 93
194 94
193 95
192 96
191 97
190 97
189 98
188 99
187 99
186 99
185 100
184 101
183 101
182 101
181 100
180 100
179 99
178 98
177 97
176 96
175 96
174 95
173 95
172 95
171 94
170 94
169 94
168 94
167 94
166 94
165 94
164 94
163 94
162 94
161 94
160 94
159 95
158 95
157 95
156 96
155 96
154 97
153 98
152 99
151 100
150 103
151 112
152 113
153 114
154 116
155 116
156 117
157 118
158 118
159 118
160 118
161 118
162 118
163 118
164 118
165 118
166 118
167 118
168 117
169 117
170 117
171 116
172 115
173 114
174 114
175 114
174 118
173 119
172 121
171 123
170 124
169 125
168 126
167 127
166 128
165 129
164 130
163 130
162 131
161 132
160 133
159 134
158 135
157 136
156 136
155 137
154 137
153 138
152 140
151 141
150 142
149 143
148 144
147 144
146 145
145 146
144 146
143 147
142 148
141 148
140 148
139 148
138 149
137 149
136 149
135 150
134 150
133 151
132 152
131 152
130 152
129 152
128 152
127 151
126 150
125 149
124 149
123 149
122 150
121 150
120 151
119 151
118 152
117 152
116 152
115 152
114 152
113 151
112 151
111 150
110 149
109 148
108 147
107 146
106 144
105 142
104 140
103 137
102 134
101 123
270
101 111
102 106
103 101
104 98
105 96
106 94
107 93
108 88
109 85
110 83
111 81
112 80
113 78
114 76
115 75
116 74
117 72
118 71
119 70
120 69
121 68
122 67
123 66
124 65
125 64
126 64
127 63
128 62
129 61
130 61
131 60
132 59
133 59
134 58
135 58
136 57
137 56
138 56
139 56
140 55
141 56
142 56
143 56
144 55
145 54
146 53
147 53
148 53
149 52
150 52
151 52
152 52
153 52
154 51
155 51
156 51
157 51
158 51
159 51
160 51
161 52
162 52
163 52
164 52
165 52
166 52
167 52
168 52
169 52
170 52
171 52
172 52
173 52
174 52
175 52
176 52
177 52
178 52
179 52
180 53
181 53
182 53
183 53
184 53
185 54
186 54
187 54
188 54
189 55
190 55
191 55
192 56
193 56
194 57
195 57
196 58
197 58
198 59
199 60
200 60
201 61
202 62
203 63
204 64
205 65
206 66
207 68
208 69
209 71
210 74
211 78
210 80
209 82
208 82
207 83
206 84
205 85
204 86
203 87
202 88
201 89
200 90
199 90
198 91
197 92
196 93
195 95
194 96
193 96
192 97
191 97
190 98
189 98
188 99
187 100
186 100
185 101
184 101
183 101
182 101
181 101
180 100
179 99
178 98
177 98
176 97
175 96
174 96
173 96
172 95
171 95
170 94
169 94
168 94
167 94
166 94
165 94
164 94
163 94
162 94
161 94
160 95
159 95
158 95
157 95
156 96
155 96
154 97
153 98
152 99
151 100
150 103
151 112
152 114
153 115
154 116
155 117
156 117
157 118
158 118
159 118
160 118
161 118
162 118
163 118
164 118
165 118
166 118
167 118
168 117
169 117
170 116
171 116
172 115
173 114
174 114
175 114
174 118
173 121
172 122
171 123
170 125
169 126
168 127
167 128
166 129
165 130
164 130
163 131
162 132
161 133
160 134
159 135
158 136
157 137
156 138
155 138
154 139
153 140
152 141
151 142
150 143
149 144
148 145
147 146
146 146
145 147
144 147
143 148
142 149
141 149
140 149
139 149
138 149
137 150
136 150
135 151
134 152
133 153
132 154
131 154
130 154
129 154
128 154
127 153
126 153
125 151
124 151
123 151
122 151
121 151
120 152
119 152
118 152
117 153
116 153
115 153
114 152
113 152
112 151
111 150
110 149
109 148
108 147
107 146
106 144
105 142
104 140
103 137
102 132
274
101 112
102 107
103 102
104 99
105 96
106 95
107 94
108 88
109 86
110 84
111 82
112 80
113 78
114 77
115 75
116 74
117 73
118 72
119 70
120 69
121 68
122 67
123 66
124 66
125 65
126 64
127 63
128 62
129 62
130 61
131 60
132 60
133 59
134 58
135 58
136 57
137 57
138 56
139 55
140 55
141 55
142 56
143 56
144 55
145 54
146 53
147 53
148 53
149 52
150 52
151 52
152 52
153 52
154 51
155 51
156 51
157 51
158 51
159 51
160 51
161 52
162 52
163 52
164 52
165 52
166 52
167 52
168 52
169 52
170 52
171 52
172 52
173 52
174 52
175 52
176 52
177 52
178 52
179 52
180 53
181 53
182 53
183 53
184 53
185 54
186 54
187 54
188 54
189 55
190 55
191 55
192 56
193 56
194 56
195 57
196 57
197 58
198 59
199 59
200 60
201 61
202 62
203 63
204 64
205 65
206 66
207 67
208 69
209 70
210 72
211 74
212 78
211 80
210 81
209 82
208 83
207 85
206 85
205 86
204 87
203 88
202 89
201 90
200 91
199 92
198 92
197 93
196 95
195 95
194 96
193 97
192 97
191 98
190 99
189 99
188 100
187 100
186 101
185 101
184 102
183 102
182 102
181 102
180 101
179 100
178 99
177 98
176 98
175 97
174 96
173 96
172 96
171 95
170 95
169 95
168 95
167 94
166 94
165 94
164 94
163 94
162 94
161 94
160 95
159 95
158 95
157 95
156 96
155 97
154 97
153 98
152 99
151 100
150 103
149 106
150 110
151 113
152 114
153 116
154 117
155 117
156 118
157 118
158 118
159 118
160 118
161 119
162 119
163 119
164 119
165 118
166 118
167 118
168 118
169 117
170 117
171 116
172 115
173 115
174 114
175 114
174 118
173 122
172 124
171 124
170 126
169 127
168 128
167 128
166 129
165 130
164 131
163 132
162 133
161 134
160 135
159 136
158 137
157 138
156 139
155 140
154 140
153 141
152 142
151 144
150 145
149 145
148 146
147 147
146 147
145 149
144 149
143 149
142 149
141 150
140 150
139 150
138 151
137 151
136 152
135 152
134 153
133 153
132 154
131 154
130 155
129 155
128 155
127 154
126 154
125 152
124 152
123 152
122 152
121 152
120 153
119 153
118 153
117 153
116 153
115 153
114 153
113 152
112 151
111 150
110 149
109 148
108 147
107 145
106 143
105 141
104 139
103 136
102 131
276
101 113
102 108
103 104
104 100
105 97
106 96
107 95
108 89
109 87
110 85
111 83
112 81
113 79
114 78
115 76
116 75
117 73
118 72
119 71
120 70
121 69
122 68
123 67
124 66
125 65
126 64
127 63
128 63
129 62
130 61
131 60
132 60
133 59
134 58
135 58
136 57
137 57
138 56
139 56
140 55
141 55
142 55
143 55
144 55
145 54
146 53
147 53
148 53
149 52
150 52
151 52
152 52
153 51
154 51
155 51
156 51
157 51
158 51
159 51
160 52
161 52
162 52
163 52
164 52
165 52
166 52
167 52
168 52
169 52
170 52
171 52
172 52
173 52
174 52
175 52
176 52
177 52
178 52
179 52
180 53
181 53
182 53
183 53
184 53
185 54
186 54
187 54
188 54
189 55
190 55
191 55
192 56
193 56
194 56
195 57
196 57
197 58
198 58
199 59
200 60
201 61
202 61
203 62
204 63
205 64
206 66
207 67
208 68
209 70
210 71
211 72
212 74
213 78
212 80
211 82
210 83
209 84
208 85
207 86
206 87
205 88
204 89
203 89
202 90
201 91
200 92
199 93
198 94
197 95
196 96
195 97
194 97
193 98
192 100
191 100
190 100
189 100
188 100
187 101
186 102
185 102
184 102
183 102
182 102
181 102
180 102
179 101
178 100
177 99
176 98
175 98
174 97
173 96
172 96
171 96
170 95
169 95
168 95
167 95
166 95
165 94
164 94
163 94
162 94
161 95
160 95
159 95
158 95
157 96
156 96
155 97
154 97
153 98
152 99
151 100
150 102
149 105
150 112
151 113
152 115
153 116
154 117
155 118
156 118
157 118
158 118
159 119
160 119
161 119
162 119
163 119
164 119
165 119
166 118
167 118
168 118
169 117
170 117
171 116
172 116
173 115
174 115
175 116
174 119
173 121
172 124
171 125
170 126
169 127
168 128
167 129
166 130
165 131
164 132
163 133
162 134
161 135
160 136
159 137
158 138
157 139
156 140
155 142
154 142
153 144
152 145
151 145
150 146
149 146
148 147
147 148
146 149
145 149
144 150
143 150
142 150
141 150
140 151
139 151
138 152
137 152
136 153
135 154
134 154
133 154
132 154
131 154
130 154
129 155
128 155
127 155
126 155
125 155
124 153
123 153
122 153
121 153
120 153
119 154
118 154
117 154
116 154
115 153
114 153
113 152
112 151
111 150
110 149
109 148
108 147
107 145
106 143
105 141
104 139
103 135
102 130
279
101 115
102 109
103 105
104 101
105 98
106 96
107 96
108 90
109 87
110 85
111 83
112 82
113 80
114 78
115 77
116 75
117 74
118 73
119 72
120 70
121 69
122 68
123 67
124 66
125 65
126 64
127 64
128 63
129 62
130 61
131 60
132 60
133 59
134 58
135 58
136 57
137 57
138 56
139 55
140 55
141 55
142 55
143 55
144 58
145 54
146 53
147 53
148 53
149 52
150 52
151 52
152 52
153 51
154 51
155 51
156 51
157 51
158 51
159 51
160 52
161 52
162 52
163 52
164 52
165 52
166 52
167 52
168 52
169 52
170 52
171 52
172 52
173 52
174 52
175 52
176 52
177 52
178 52
179 52
180 53
181 53
182 53
183 53
184 53
185 54
186 54
187 54
188 54
189 55
190 55
191 55
192 56
193 56
194 56
195 57
196 57
197 58
198 58
199 59
200 60
201 61
202 61
203 62
204 63
205 64
206 65
207 66
208 68
209 69
210 70
211 71
212 72
213 74
214 78
213 80
212 82
211 83
210 84
209 86
208 87
207 87
206 88
205 89
204 90
203 90
202 91
201 93
200 94
199 95
198 96
197 96
196 97
195 98
194 98
193 100
192 100
191 100
190 100
189 100
188 102
187 102
186 102
185 102
184 102
183 102
182 102
181 102
180 102
179 101
178 101
177 100
176 99
175 98
174 97
173 97
172 97
171 96
170 96
169 96
168 95
167 95
166 95
165 95
164 95
163 95
162 95
161 95
160 95
159 95
158 95
157 96
156 96
155 97
154 97
153 98
152 99
151 100
150 102
149 105
150 112
151 114
152 115
153 116
154 117
155 118
156 118
157 119
158 119
159 119
160 119
161 119
162 119
163 119
164 119
165 119
166 119
167 118
168 118
169 118
170 117
171 116
172 116
173 115
174 115
175 115
174 120
173 121
172 123
171 127
170 127
169 128
168 129
167 130
166 131
165 132
164 133
163 134
162 135
161 136
160 137
159 138
158 139
157 142
156 143
155 144
154 144
153 145
152 146
151 146
150 147
149 147
148 148
147 149
146 149
145 150
144 150
143 59
143 151
142 151
141 151
140 152
139 152
138 153
137 154
136 155
135 155
134 156
133 156
132 156
131 156
130 156
129 156
128 156
127 156
126 156
125 156
124 154
123 154
122 154
121 154
120 154
119 154
118 154
117 154
116 154
115 154
114 153
113 152
112 151
111 150
110 149
109 148
108 146
107 145
106 142
105 141
104 138
103 134
102 127
279
102 111
103 106
104 103
105 99
106 97
107 94
108 91
109 88
110 86
111 84
112 82
113 81
114 79
115 78
116 76
117 75
118 73
119 72
120 71
121 70
122 69
123 67
124 66
125 65
126 65
127 64
128 63
129 62
130 61
131 61
132 60
133 59
134 58
135 58
136 57
137 57
138 56
139 56
140 55
141 55
142 55
143 55
144 56
145 54
146 53
147 53
148 53
149 52
150 52
151 52
152 52
153 51
154 51
155 51
156 51
157 51
158 51
159 51
160 52
161 52
162 52
163 52
164 52
165 52
166 52
167 52
168 52
169 52
170 52
171 52
172 52
173 52
174 52
175 52
176 52
177 52
178 52
179 52
180 52
181 53
182 53
183 53
184 53
185 54
186 54
187 54
188 54
189 55
190 55
191 55
192 56
193 56
194 57
195 57
196 57
197 58
198 58
199 59
200 60
201 60
202 61
203 62
204 63
205 64
206 65
207 66
208 67
209 68
210 70
211 71
212 72
213 73
214 75
213 83
212 84
211 85
210 86
209 87
208 88
207 89
206 90
205 91
204 91
203 92
202 93
201 94
200 95
199 95
198 96
197 97
196 98
195 99
194 100
193 101
192 101
191 102
190 102
189 102
188 102
187 102
186 102
185 102
184 103
183 103
182 103
181 103
180 102
179 102
178 101
177 100
176 99
175 99
174 98
173 97
172 97
171 97
170 96
169 96
168 96
167 95
166 95
165 95
164 95
163 95
162 95
161 95
160 95
159 95
158 96
157 96
156 96
155 97
154 98
153 98
152 99
151 100
150 102
149 105
150 113
151 114
152 116
153 117
154 117
155 118
156 119
157 119
158 119
159 119
160 119
161 119
162 119
163 119
164 119
165 119
166 119
167 118
168 118
169 118
170 117
171 116
172 116
173 115
174 115
175 116
176 121
174 121
173 121
172 124
171 126
170 128
169 128
168 129
167 131
166 132
165 133
164 134
163 135
162 136
161 137
160 138
159 139
158 140
157 142
156 143
155 144
154 145
153 146
152 147
151 147
150 148
149 148
148 149
147 150
146 150
145 151
144 151
143 152
142 152
141 152
140 153
139 153
138 154
137 155
136 155
135 155
134 155
133 155
132 155
131 156
130 156
129 156
128 156
127 156
126 156
125 156
124 156
123 155
122 155
121 155
120 155
119 155
118 155
117 155
116 154
115 154
114 153
113 152
112 151
111 150
110 149
109 148
108 95
107 96
106 142
105 140
104 136
103 132
107 144
108 146
281
102 113
103 108
104 104
105 101
106 98
107 96
108 91
109 89
110 87
111 85
112 83
113 82
114 80
115 78
116 77
117 75
118 74
119 73
120 71
121 70
122 69
123 68
124 67
125 66
126 65
127 64
128 63
129 62
130 61
131 61
132 60
133 59
134 59
135 58
136 57
137 57
138 56
139 56
140 55
141 55
142 55
143 57
144 57
145 54
146 53
147 53
148 53
149 52
150 52
151 52
152 52
153 51
154 51
155 51
156 51
157 51
158 51
159 51
160 52
161 52
162 52
163 52
164 52
165 52
166 52
167 52
168 52
169 52
170 52
171 52
172 52
173 52
174 52
175 52
176 52
177 52
178 52
179 52
180 52
181 53
182 53
183 53
184 53
185 54
186 54
187 54
188 54
189 55
190 55
191 55
192 56
193 56
194 56
195 57
196 57
197 58
198 58
199 59
200 59
201 60
202 61
203 62
204 63
205 64
206 65
207 66
208 67
209 68
210 69
211 70
212 71
213 72
214 74
215 76
214 83
213 85
212 85
211 86
210 87
209 88
208 89
207 90
206 91
205 92
204 93
203 93
202 94
201 95
200 95
199 96
198 97
197 98
196 99
195 100
194 101
193 102
192 102
191 102
190 102
189 102
188 102
187 102
186 103
185 103
184 103
183 103
182 103
181 103
180 103
179 102
178 101
177 101
176 100
175 99
174 98
173 98
172 97
171 97
170 97
169 96
168 96
167 96
166 95
165 95
164 95
163 95
162 95
161 95
160 95
159 95
158 96
157 96
156 96
155 97
154 98
153 98
152 99
151 100
150 102
149 105
150 114
151 115
152 116
153 117
154 118
155 118
156 119
157 119
158 119
159 120
160 120
161 120
162 120
163 120
164 119
165 119
166 119
167 119
168 118
169 118
170 117
171 117
172 116
173 115
174 115
175 115
176 117
175 118
174 121
173 123
174 125
172 126
171 128
170 129
169 129
168 131
167 132
166 133
165 134
164 135
163 136
162 137
161 139
160 140
159 140
158 141
157 143
156 144
155 146
154 147
153 147
152 148
151 149
150 149
149 150
148 150
147 151
146 151
145 151
144 152
143 152
142 153
141 153
140 154
139 155
138 156
137 158
136 158
135 158
134 158
133 158
132 158
131 158
130 158
129 158
128 158
127 158
126 158
125 158
124 157
123 156
122 156
121 155
120 155
119 155
118 155
117 155
116 155
115 154
114 153
113 152
112 151
111 150
110 149
109 147
108 145
107 143
106 141
105 139
104 135
103 130
282
102 118
103 110
104 106
105 102
106 100
107 97
108 93
109 90
110 88
111 86
112 84
113 83
114 81
115 79
116 78
117 76
118 75
119 73
120 72
121 71
122 69
123 68
124 67
125 66
126 65
127 64
128 63
129 62
130 62
131 61
132 60
133 59
134 59
135 58
136 57
137 57
138 56
139 56
140 55
141 55
142 55
143 54
144 54
145 54
146 53
147 53
148 53
149 52
150 52
151 52
152 51
153 51
154 51
155 51
156 51
157 51
158 51
159 51
160 52
161 52
162 52
163 52
164 52
165 52
166 52
167 52
168 52
169 52
170 52
171 52
172 52
173 52
174 52
175 52
176 52
177 52
178 52
179 52
180 53
181 53
182 53
183 53
184 53
185 54
186 54
187 54
188 54
189 55
190 55
191 55
192 56
193 56
194 56
195 56
196 57
197 57
198 58
199 58
200 59
201 60
202 61
203 62
204 62
205 63
206 64
207 66
208 67
209 68
210 69
211 70
212 71
213 71
214 73
215 74
216 77
215 85
214 85
213 86
212 87
211 88
210 89
209 90
208 91
207 91
206 92
205 93
204 93
203 94
202 95
201 95
200 96
199 97
198 98
197 98
196 100
195 100
194 101
193 102
192 102
191 102
190 102
189 103
188 103
187 103
186 103
185 103
184 104
183 104
182 104
181 104
180 104
179 103
178 102
177 101
176 100
175 100
174 99
173 98
172 98
171 97
170 97
169 97
168 96
167 96
166 96
165 96
164 95
163 95
162 95
161 95
160 95
159 96
158 96
157 96
156 97
155 97
154 98
153 99
152 99
151 101
150 102
149 105
150 114
151 115
152 117
153 117
154 118
155 119
156 119
157 119
158 120
159 120
160 120
161 120
162 120
163 120
164 120
165 119
166 119
167 119
168 118
169 118
170 117
171 117
172 116
173 116
174 116
175 116
176 116
175 118
174 121
173 124
172 126
171 128
170 130
169 131
168 133
167 133
166 134
165 135
164 136
163 137
162 139
161 140
160 141
159 142
158 143
157 144
156 146
155 147
154 148
153 148
152 149
151 150
150 151
149 151
148 151
147 151
146 152
145 152
144 152
143 153
142 153
141 154
140 155
139 156
138 158
137 158
136 158
135 158
134 158
133 159
132 159
131 159
130 159
129 159
128 159
127 159
126 158
125 158
124 158
123 158
122 157
121 156
120 156
119 156
118 155
117 155
116 155
115 154
114 153
113 152
112 151
111 150
110 148
109 147
108 145
107 142
106 141
105 138
104 134
103 127
282
103 113
104 108
105 104
106 101
107 99
108 95
109 92
110 90
111 88
112 86
113 84
114 82
115 80
116 79
117 77
118 75
119 74
120 73
121 71
122 70
123 68
124 67
125 66
126 65
127 64
128 63
129 63
130 62
131 61
132 60
133 59
134 59
135 58
136 57
137 57
138 56
139 56
140 55
141 55
142 55
143 54
144 54
145 53
146 53
147 53
148 53
149 52
150 52
151 52
152 51
153 51
154 51
155 51
156 51
157 51
158 51
159 51
160 52
161 52
162 52
163 52
164 52
165 52
166 52
167 52
168 52
169 52
170 52
171 52
172 52
173 52
174 52
175 52
176 52
177 52
178 52
179 52
180 53
181 53
182 53
183 53
184 53
185 54
186 54
187 54
188 54
189 55
190 55
191 55
192 56
193 56
194 56
195 57
196 57
197 57
198 58
199 58
200 59
201 60
202 61
203 61
204 62
205 63
206 64
207 65
208 66
209 67
210 68
211 69
212 70
213 71
214 72
215 73
216 75
217 78
216 84
215 86
214 87
213 88
212 89
211 89
210 90
209 91
208 91
207 92
206 93
205 93
204 94
203 95
202 96
201 96
200 97
199 97
198 98
197 100
196 101
195 101
194 101
193 102
192 102
191 102
190 103
189 103
188 103
187 104
186 104
185 104
184 104
183 105
182 105
181 105
180 104
179 104
178 103
177 102
176 101
175 100
174 99
173 99
172 98
171 98
170 97
169 97
168 97
167 96
166 96
165 96
164 96
163 96
162 95
161 96
160 96
159 96
158 96
157 97
156 97
155 97
154 98
153 99
152 100
151 101
150 102
149 105
150 115
151 116
152 117
153 118
154 119
155 119
156 120
157 120
158 120
159 120
160 120
161 120
162 120
163 120
164 120
165 120
166 119
167 119
168 119
169 118
170 118
171 117
172 116
173 116
174 116
175 116
176 116
175 119
174 121
173 126
172 127
171 129
170 130
169 131
168 133
167 134
166 135
165 136
164 137
163 138
162 140
161 141
160 143
159 144
158 145
157 146
156 147
155 148
154 149
153 150
152 150
151 151
150 152
149 152
148 152
147 152
146 152
145 152
144 152
143 153
142 154
141 155
140 157
139 158
138 158
137 159
136 159
135 159
134 159
133 159
132 159
131 159
130 159
129 160
128 160
127 160
126 160
125 159
124 159
123 159
122 158
121 157
120 156
119 156
118 155
117 155
116 154
115 154
114 153
113 152
112 151
111 149
110 148
109 146
108 144
107 142
106 139
105 136
104 132
284
103 118
104 111
105 107
106 103
107 101
108 98
109 94
110 91
111 89
112 87
113 85
114 83
115 82
116 80
117 78
118 76
119 75
120 73
121 72
122 70
123 69
124 68
125 67
126 65
127 64
128 64
129 63
130 62
131 61
132 60
133 59
134 59
135 58
136 57
137 57
138 56
139 56
140 55
141 55
142 54
143 54
144 53
145 53
146 53
147 53
148 52
149 52
150 52
151 52
152 51
153 51
154 51
155 51
156 51
157 51
158 51
159 51
160 52
161 52
162 52
163 52
164 52
165 52
166 52
167 52
168 52
169 52
170 52
171 52
172 52
173 52
174 52
175 52
176 52
177 52
178 52
179 52
180 53
181 53
182 53
183 53
184 53
185 54
186 54
187 54
188 54
189 55
190 55
191 55
192 56
193 56
194 56
195 57
196 57
197 57
198 58
199 58
200 59
201 60
202 60
203 61
204 62
205 63
206 64
207 65
208 66
209 67
210 68
211 69
212 70
213 71
214 72
215 73
216 74
217 76
218 79
217 84
216 86
215 87
214 88
213 89
212 89
211 90
210 91
209 92
208 92
207 93
206 93
205 94
204 95
203 95
202 96
201 97
200 97
199 98
198 100
197 101
196 102
195 102
194 102
193 102
192 102
191 103
190 103
189 103
188 104
187 104
186 105
185 105
184 105
183 105
182 105
181 105
180 105
179 104
178 103
177 102
176 101
175 101
174 100
173 99
172 99
171 98
170 98
169 97
168 97
167 97
166 96
165 96
164 96
163 96
162 96
161 96
160 96
159 96
158 96
157 97
156 97
155 98
154 98
153 99
152 100
151 101
150 103
149 106
150 115
151 117
152 118
153 118
154 119
155 120
156 120
157 120
158 120
159 121
160 121
161 121
162 120
163 120
164 120
165 120
166 120
167 119
168 119
169 118
170 118
171 117
172 117
173 116
174 116
175 117
176 118
175 119
174 123
173 128
172 128
171 129
170 131
169 132
168 135
167 135
166 136
165 137
164 138
163 140
162 141
161 142
160 144
159 145
158 146
157 147
156 148
155 148
154 149
153 150
152 151
151 152
150 152
149 152
148 152
147 152
146 152
145 152
144 153
143 153
142 154
141 157
140 159
139 159
138 160
137 161
136 161
135 161
134 162
133 162
132 162
131 162
130 161
129 161
128 161
127 161
126 161
125 160
124 160
123 160
122 159
121 157
120 156
119 155
118 155
117 155
116 154
115 153
114 153
113 152
112 150
111 149
110 147
109 145
108 143
107 141
106 138
105 135
104 129
282
104 115
105 110
106 106
107 103
108 101
109 97
110 94
111 91
112 89
113 87
114 85
115 83
116 81
117 79
118 78
119 76
120 74
121 72
122 71
123 70
124 68
125 67
126 66
127 65
128 64
129 63
130 62
131 61
132 60
133 60
134 59
135 58
136 57
137 57
138 56
139 56
140 55
141 55
142 54
143 54
144 53
145 53
146 53
147 53
148 52
149 52
150 52
151 52
152 51
153 51
154 51
155 51
156 51
157 51
158 51
159 52
160 52
161 52
162 52
163 52
164 52
165 52
166 52
167 52
168 52
169 52
170 52
171 52
172 52
173 52
174 52
175 52
176 52
177 52
178 52
179 53
180 53
181 53
182 53
183 53
184 53
185 54
186 54
187 54
188 54
189 55
190 55
191 55
192 56
193 56
194 56
195 57
196 57
197 57
198 58
199 58
200 59
201 60
202 61
203 61
204 62
205 63
206 64
207 65
208 66
209 67
210 68
211 69
212 70
213 71
214 71
215 73
216 74
217 75
218 77
219 80
218 85
217 86
216 87
215 88
214 89
213 89
212 90
211 91
210 92
209 92
208 93
207 94
206 94
205 95
204 95
203 96
202 97
201 97
200 99
199 100
198 100
197 101
196 102
195 102
194 102
193 102
192 103
191 103
190 103
189 104
188 104
187 105
186 105
185 105
184 106
183 106
182 106
181 106
180 106
179 105
178 104
177 103
176 102
175 101
174 100
173 100
172 99
171 98
170 98
169 98
168 97
167 97
166 97
165 96
164 96
163 96
162 96
161 96
160 96
159 96
158 97
157 97
156 97
155 98
154 98
153 99
152 100
151 102
150 103
149 106
150 115
151 117
152 118
153 119
154 119
155 120
156 121
157 121
158 121
159 121
160 121
161 121
162 121
163 121
164 120
165 120
166 120
167 120
168 119
169 118
170 118
171 117
172 117
173 116
174 115
175 116
174 124
173 129
172 129
171 130
170 132
169 133
168 135
167 136
166 137
165 139
164 139
163 141
162 142
161 144
160 145
159 146
158 147
157 148
156 149
155 149
154 150
153 150
152 151
151 152
150 153
149 153
148 153
147 153
146 153
145 153
144 153
143 154
142 155
141 158
140 160
139 160
138 161
137 161
136 162
135 162
134 162
133 162
132 162
131 163
130 163
129 163
128 163
127 162
126 162
125 162
124 161
123 160
122 159
121 158
120 156
119 155
118 155
117 155
116 154
115 153
114 152
113 151
112 150
111 148
110 147
109 145
108 143
107 140
106 137
105 133
282
104 122
105 113
106 109
107 106
108 103
109 101
110 97
111 94
112 92
113 89
114 87
115 85
116 83
117 81
118 79
119 77
120 75
121 74
122 72
123 71
124 69
125 68
126 67
127 66
128 65
129 64
130 63
131 62
132 61
133 60
134 59
135 58
136 58
137 57
138 56
139 56
140 55
141 55
142 54
143 54
144 54
145 53
146 53
147 53
148 52
149 52
150 52
151 52
152 51
153 51
154 51
155 51
156 51
157 51
158 51
159 51
160 52
161 52
162 52
163 52
164 52
165 52
166 52
167 52
168 52
169 52
170 52
171 52
172 52
173 52
174 52
175 52
176 52
177 52
178 53
179 53
180 53
181 53
182 53
183 53
184 53
185 54
186 54
187 54
188 55
189 55
190 55
191 55
192 56
193 56
194 56
195 57
196 57
197 57
198 58
199 58
200 59
201 60
202 61
203 61
204 62
205 63
206 64
207 65
208 66
209 67
210 68
211 69
212 70
213 70
214 71
215 72
216 73
217 75
218 76
219 79
218 86
217 88
216 88
215 89
214 89
213 90
212 91
211 91
210 92
209 93
208 94
207 94
206 95
205 96
204 97
203 98
202 99
201 99
200 100
199 101
198 101
197 101
196 102
195 102
194 102
193 103
192 103
191 104
190 104
189 104
188 105
187 105
186 106
185 106
184 106
183 106
182 107
181 107
180 106
179 105
178 104
177 103
176 102
175 101
174 100
173 100
172 99
171 99
170 98
169 98
168 98
167 97
166 97
165 97
164 96
163 96
162 96
161 96
160 96
159 97
158 97
157 97
156 97
155 98
154 99
153 100
152 101
151 102
150 104
149 106
150 116
151 117
152 118
153 119
154 120
155 120
156 121
157 121
158 121
159 121
160 121
161 121
162 121
163 121
164 121
165 121
166 120
167 120
168 119
169 119
170 118
171 118
172 117
173 116
174 116
175 117
174 126
173 129
172 130
171 131
170 133
169 134
168 136
167 137
166 139
165 141
164 141
163 142
162 143
161 145
160 146
159 147
158 148
157 149
156 150
155 151
154 151
153 151
152 152
151 153
150 153
149 154
148 155
147 155
146 154
145 154
144 154
143 154
142 155
141 159
140 160
139 161
138 163
137 163
136 164
135 164
134 165
133 165
132 165
131 165
130 165
129 165
128 164
127 164
126 164
125 162
124 162
123 161
122 160
121 159
120 157
119 156
118 155
117 155
116 154
115 153
114 152
113 151
112 150
111 148
110 146
109 144
108 142
107 140
106 135
105 129
284
105 120
106 113
107 109
108 106
109 104
110 101
111 98
112 95
113 92
114 90
115 87
116 85
117 83
118 81
119 79
120 77
121 75
122 74
123 72
124 70
125 69
126 68
127 66
128 65
129 64
130 63
131 62
132 61
133 60
134 59
135 58
136 58
137 57
138 56
139 56
140 55
141 55
142 54
143 54
144 54
145 53
146 53
147 53
148 52
149 52
150 52
151 52
152 51
153 51
154 51
155 51
156 51
157 51
158 51
159 51
160 51
161 51
162 51
163 52
164 52
165 52
166 52
167 52
168 52
169 52
170 52
171 52
172 52
173 52
174 52
175 52
176 52
177 53
178 53
179 53
180 53
181 53
182 53
183 53
184 54
185 54
186 54
187 54
188 55
189 55
190 55
191 55
192 56
193 56
194 56
195 57
196 57
197 57
198 58
199 58
200 59
201 60
202 61
203 61
204 62
205 63
206 64
207 65
208 66
209 67
210 68
211 69
212 69
213 70
214 71
215 72
216 73
217 74
218 76
219 78
220 81
219 85
218 88
217 89
216 90
215 91
214 91
213 92
212 94
211 96
210 96
209 96
208 97
207 98
206 98
205 99
204 99
203 100
202 101
201 101
200 102
199 102
198 102
197 102
196 102
195 103
194 103
193 103
192 103
191 104
190 104
189 104
188 105
187 105
186 106
185 106
184 106
183 107
182 108
181 108
180 107
179 106
178 105
177 103
176 102
175 102
174 101
173 100
172 100
171 99
170 99
169 98
168 98
167 97
166 97
165 97
164 97
163 97
162 97
161 97
160 97
159 97
158 97
157 98
156 98
155 98
154 99
153 100
152 101
151 102
150 104
149 107
150 116
151 118
152 119
153 119
154 120
155 121
156 121
157 121
158 122
159 122
160 122
161 122
162 121
163 121
164 121
165 121
166 121
167 120
168 119
169 119
170 118
171 118
172 117
173 117
174 117
175 116
176 117
175 120
174 128
173 129
172 131
171 133
170 134
169 135
168 137
167 139
166 141
165 142
164 143
163 143
162 144
161 146
160 147
159 148
158 149
157 150
156 151
155 152
154 152
153 153
152 153
151 153
150 154
149 155
148 155
147 156
146 156
145 156
144 156
143 156
142 157
141 160
140 161
139 161
138 162
137 163
136 163
135 163
134 163
133 163
132 164
131 164
130 164
129 164
128 164
127 164
126 164
125 163
124 162
123 161
122 160
121 159
120 158
119 156
118 155
117 154
116 154
115 153
114 152
113 151
112 149
111 148
110 146
109 144
108 141
107 138
106 132
282
106 119
107 114
108 110
109 107
110 104
111 101
112 99
113 96
114 93
115 91
116 88
117 86
118 83
119 81
120 79
121 77
122 76
123 74
124 72
125 70
126 69
127 67
128 66
129 65
130 64
131 63
132 62
133 61
134 60
135 59
136 58
137 57
138 57
139 56
140 55
141 55
142 54
143 54
144 54
145 53
146 53
147 53
148 52
149 52
150 52
151 52
152 51
153 51
154 51
155 51
156 51
157 51
158 51
159 51
160 51
161 51
162 51
163 51
164 52
165 52
166 52
167 52
168 52
169 52
170 52
171 52
172 52
173 52
174 52
175 52
176 53
177 53
178 53
179 53
180 53
181 53
182 53
183 53
184 54
185 54
186 54
187 54
188 55
189 55
190 55
191 56
192 56
193 56
194 57
195 57
196 57
197 57
198 58
199 59
200 59
201 60
202 61
203 61
204 62
205 63
206 64
207 65
208 66
209 67
210 68
211 68
212 69
213 70
214 71
215 72
216 73
217 74
218 75
219 77
220 80
219 86
218 88
217 90
216 91
215 91
214 92
213 93
212 94
211 95
210 95
209 96
208 97
207 98
206 98
205 99
204 100
203 101
202 101
201 101
200 102
199 102
198 102
197 102
196 102
195 103
194 103
193 103
192 104
191 104
190 104
189 105
188 105
187 105
186 106
185 106
184 106
183 107
182 108
181 108
180 108
179 106
178 105
177 104
176 103
175 102
174 101
173 100
172 100
171 99
170 99
169 98
168 98
167 98
166 97
165 97
164 97
163 97
162 97
161 97
160 97
159 97
158 98
157 98
156 98
155 99
154 99
153 100
152 101
151 102
150 104
149 107
150 117
151 118
152 119
153 120
154 120
155 121
156 121
157 122
158 122
159 122
160 122
161 122
162 122
163 122
164 121
165 121
166 121
167 120
168 120
169 119
170 119
171 118
172 118
173 117
174 116
175 116
176 117
175 126
174 129
173 130
172 132
171 134
170 135
169 137
168 138
167 140
166 141
165 142
164 143
163 145
162 146
161 147
160 148
159 149
158 150
157 151
156 152
155 152
154 153
153 154
152 154
151 155
150 155
149 156
148 156
147 157
146 159
145 161
144 161
143 161
142 161
141 162
140 163
139 163
138 164
137 165
136 165
135 165
134 166
133 166
132 166
131 166
130 166
129 166
128 166
127 165
126 164
125 163
124 162
123 161
122 161
121 160
120 158
119 157
118 155
117 154
116 153
115 153
114 152
113 151
112 149
111 147
110 145
109 143
108 140
107 134
280
107 118
108 114
109 110
110 107
111 105
112 103
113 100
114 98
115 96
116 93
117 90
118 88
119 85
120 83
121 81
122 79
123 77
124 75
125 73
126 71
127 69
128 68
129 67
130 65
131 64
132 63
133 62
134 61
135 60
136 59
137 58
138 57
139 56
140 56
141 55
142 54
143 54
144 54
145 53
146 53
147 53
148 52
149 52
150 52
151 52
152 52
153 51
154 51
155 51
156 51
157 51
158 51
159 51
160 51
161 51
162 51
163 51
164 52
165 52
166 52
167 52
168 52
169 52
170 52
171 52
172 52
173 52
174 53
175 53
176 53
177 53
178 53
179 53
180 53
181 53
182 53
183 54
184 54
185 54
186 54
187 54
188 55
189 55
190 55
191 56
192 56
193 56
194 57
195 57
196 57
197 58
198 58
199 59
200 59
201 60
202 61
203 62
204 62
205 63
206 64
207 65
208 66
209 67
210 68
211 68
212 69
213 70
214 71
215 72
216 73
217 74
218 75
219 77
220 80
219 87
218 89
217 90
216 91
215 91
214 92
213 93
212 94
211 95
210 96
209 96
208 97
207 98
206 99
205 99
204 99
203 100
202 100
201 100
200 101
199 101
198 102
197 102
196 102
195 103
194 103
193 104
192 104
191 104
190 105
189 105
188 105
187 105
186 105
185 106
184 107
183 107
182 109
181 109
180 108
179 107
178 105
177 104
176 103
175 102
174 101
173 101
172 100
171 100
170 99
169 99
168 98
167 98
166 98
165 97
164 97
163 97
162 97
161 97
160 97
159 98
158 98
157 98
156 99
155 99
154 100
153 100
152 101
151 103
150 104
149 107
150 117
151 118
152 119
153 120
154 121
155 121
156 122
157 122
158 122
159 122
160 122
161 122
162 122
163 122
164 122
165 121
166 121
167 121
168 120
169 119
170 119
171 118
172 118
173 117
174 117
175 117
176 118
175 128
174 129
173 131
172 133
171 135
170 137
169 138
168 139
167 141
166 144
165 146
164 146
163 147
162 148
161 149
160 149
159 150
158 151
157 152
156 152
155 153
154 154
153 155
152 155
151 155
150 156
149 157
148 158
147 159
146 161
145 162
144 162
143 162
142 162
141 163
140 163
139 163
138 164
137 167
136 167
135 167
134 167
133 168
132 168
131 168
130 168
129 168
128 167
127 165
126 164
125 163
124 162
123 162
122 161
121 160
120 158
119 157
118 155
117 154
116 153
115 152
114 151
113 150
112 149
111 147
110 145
109 142
108 137
280
107 123
108 119
109 115
110 113
111 111
112 108
113 105
114 104
115 102
116 99
117 96
118 93
119 91
120 88
121 85
122 83
123 80
124 78
125 76
126 74
127 72
128 70
129 69
130 67
131 66
132 65
133 63
134 62
135 61
136 60
137 59
138 58
139 57
140 56
141 55
142 55
143 54
144 54
145 53
146 53
147 53
148 52
149 52
150 52
151 52
152 52
153 52
154 52
155 52
156 52
157 52
158 52
159 51
160 51
161 51
162 51
163 51
164 51
165 52
166 52
167 52
168 52
169 52
170 52
171 52
172 52
173 53
174 53
175 53
176 53
177 53
178 53
179 53
180 53
181 53
182 54
183 54
184 54
185 54
186 54
187 55
188 55
189 55
190 55
191 56
192 56
193 56
194 57
195 57
196 58
197 58
198 58
199 59
200 59
201 60
202 61
203 61
204 62
205 63
206 64
207 65
208 66
209 67
210 68
211 69
212 69
213 70
214 71
215 72
216 73
217 74
218 75
219 76
220 79
219 88
218 89
217 90
216 91
215 92
214 92
213 93
212 94
211 95
210 96
209 97
208 97
207 98
206 99
205 100
204 101
203 101
202 102
201 102
200 102
199 102
198 102
197 102
196 102
195 103
194 102
193 103
192 104
191 105
190 105
189 105
188 105
187 105
186 106
185 106
184 107
183 107
182 108
181 108
180 109
179 108
178 106
177 104
176 103
175 102
174 102
173 101
172 100
171 100
170 99
169 99
168 99
167 98
166 98
165 98
164 97
163 97
162 97
161 97
160 98
159 98
158 98
157 99
156 99
155 99
154 100
153 101
152 102
151 103
150 105
149 107
150 117
151 118
152 120
153 121
154 121
155 122
156 122
157 122
158 123
159 123
160 123
161 122
162 122
163 122
164 122
165 122
166 121
167 121
168 120
169 120
170 119
171 119
172 118
173 118
174 117
175 116
176 117
175 128
174 130
173 132
172 135
171 136
170 138
169 140
168 141
167 142
166 145
165 147
164 148
163 149
162 149
161 150
160 150
159 151
158 151
157 152
156 153
155 154
154 155
153 155
152 156
151 156
150 157
149 158
148 160
147 161
146 162
145 163
144 163
143 163
142 163
141 163
140 163
139 164
138 165
137 165
136 167
135 167
134 167
133 168
132 168
131 168
130 168
129 168
128 167
127 166
126 165
125 163
124 162
123 162
122 161
121 160
120 158
119 157
118 155
117 154
116 152
115 151
114 150
113 149
112 147
111 145
110 143
109 139
108 134
282
108 124
109 120
110 118
111 116
112 113
113 111
114 108
115 106
116 102
117 100
118 97
119 95
120 92
121 89
122 87
123 84
124 82
125 78
126 76
127 75
128 73
129 71
130 69
131 68
132 66
133 65
134 63
135 62
136 61
137 60
138 58
139 57
140 57
141 56
142 55
143 54
144 54
145 54
146 53
147 53
148 52
149 52
150 52
151 52
152 52
153 52
154 52
155 52
156 52
157 52
158 52
159 51
160 51
161 51
162 51
163 51
164 52
165 52
166 52
167 52
168 52
169 52
170 52
171 52
172 53
173 53
174 53
175 53
176 53
177 53
178 53
179 53
180 53
181 53
182 54
183 54
184 54
185 54
186 55
187 55
188 55
189 55
190 56
191 56
192 56
193 57
194 57
195 57
196 58
197 58
198 58
199 59
200 60
201 60
202 61
203 62
204 62
205 63
206 64
207 65
208 66
209 67
210 68
211 69
212 69
213 70
214 71
215 72
216 73
217 74
218 75
219 76
220 77
221 83
220 87
219 88
218 89
217 90
216 91
215 92
214 93
213 94
212 94
211 95
210 96
209 97
208 98
207 98
206 99
205 101
204 101
203 102
202 102
201 103
200 103
199 103
198 104
197 104
196 105
195 105
194 106
193 106
192 106
191 107
190 107
189 108
188 108
187 109
186 109
185 109
184 109
183 109
182 109
181 109
180 110
179 108
178 106
177 105
176 103
175 103
174 102
173 101
172 101
171 100
170 100
169 99
168 99
167 98
166 98
165 98
164 98
163 98
162 98
161 98
160 98
159 98
158 98
157 99
156 99
155 100
154 100
153 101
152 102
151 103
150 105
149 108
150 117
151 119
152 120
153 121
154 122
155 122
156 123
157 123
158 123
159 123
160 123
161 123
162 123
163 122
164 122
165 122
166 122
167 121
168 121
169 120
170 119
171 119
172 118
173 118
174 117
175 117
176 117
177 125
176 126
175 129
174 131
173 133
172 135
171 137
170 139
169 141
168 142
167 144
166 146
165 148
164 149
163 150
162 150
161 151
160 152
159 152
158 152
157 153
156 154
155 155
154 155
153 156
152 157
151 157
150 159
149 160
148 161
147 162
146 162
145 163
144 163
143 164
142 164
141 164
140 164
139 165
138 165
137 166
136 167
135 168
134 168
133 169
132 169
131 168
130 168
129 168
128 167
127 166
126 165
125 163
124 162
123 162
122 161
121 160
120 158
119 157
118 155
117 153
116 152
115 151
114 150
113 148
112 147
111 145
110 142
109 136
280
109 125
110 122
111 119
112 117
113 114
114 112
115 109
116 106
117 101
118 99
119 96
120 93
121 90
122 88
123 85
124 82
125 81
126 78
127 76
128 74
129 72
130 71
131 69
132 68
133 66
134 65
135 63
136 62
137 61
138 59
139 58
140 57
141 56
142 55
143 55
144 54
145 54
146 53
147 53
148 53
149 52
150 52
151 52
152 52
153 52
154 52
155 52
156 52
157 52
158 52
159 51
160 51
161 51
162 51
163 51
164 52
165 52
166 52
167 52
168 52
169 52
170 52
171 53
172 53
173 53
174 53
175 53
176 53
177 53
178 53
179 53
180 53
181 54
182 54
183 54
184 54
185 54
186 55
187 55
188 55
189 55
190 56
191 56
192 56
193 57
194 57
195 57
196 58
197 58
198 59
199 59
200 60
201 60
202 61
203 62
204 63
205 63
206 64
207 65
208 66
209 67
210 68
211 69
212 69
213 70
214 71
215 72
216 73
217 74
218 75
219 76
220 77
221 83
220 87
219 88
218 89
217 90
216 91
215 92
214 93
213 94
212 95
211 95
210 96
209 97
208 98
207 99
206 100
205 100
204 101
203 101
202 102
201 102
200 103
199 103
198 103
197 103
196 104
195 104
194 104
193 104
192 104
191 104
190 105
189 105
188 106
187 107
186 108
185 108
184 109
183 109
182 109
181 110
180 110
179 108
178 106
177 105
176 104
175 103
174 102
173 101
172 101
171 100
170 100
169 99
168 99
167 99
166 98
165 98
164 98
163 98
162 98
161 98
160 98
159 98
158 99
157 99
156 99
155 100
154 101
153 102
152 103
151 104
150 105
149 108
150 118
151 119
152 120
153 121
154 122
155 123
156 123
157 123
158 123
159 123
160 123
161 123
162 123
163 123
164 123
165 122
166 122
167 121
168 121
169 120
170 120
171 119
172 119
173 118
174 118
175 118
176 119
177 123
176 128
175 130
174 133
173 135
172 137
171 139
170 140
169 142
168 143
167 145
166 147
165 149
164 150
163 151
162 152
161 153
160 153
159 153
158 154
157 154
156 154
155 155
154 156
153 156
152 157
151 159
150 162
149 163
148 163
147 163
146 164
145 165
144 165
143 165
142 165
141 166
140 166
139 166
138 167
137 167
136 168
135 168
134 168
133 168
132 168
131 168
130 168
129 168
128 167
127 166
126 165
125 164
124 163
123 162
122 161
121 160
120 158
119 156
118 155
117 153
116 152
115 151
114 149
113 148
112 146
111 144
110 140
280
109 134
110 127
111 123
112 119
113 117
114 113
115 110
116 107
117 102
118 100
119 98
120 95
121 92
122 89
123 87
124 84
125 82
126 79
127 77
128 75
129 74
130 72
131 70
132 69
133 67
134 66
135 64
136 63
137 61
138 60
139 59
140 58
141 57
142 56
143 55
144 54
145 54
146 54
147 53
148 53
149 53
150 52
151 52
152 52
153 52
154 53
155 53
156 52
157 52
158 52
159 51
160 51
161 51
162 51
163 51
164 51
165 52
166 52
167 52
168 52
169 52
170 53
171 53
172 53
173 53
174 53
175 53
176 53
177 53
178 53
179 54
180 54
181 54
182 54
183 54
184 54
185 55
186 55
187 55
188 55
189 56
190 56
191 56
192 57
193 57
194 57
195 58
196 58
197 58
198 59
199 59
200 60
201 61
202 61
203 62
204 63
205 64
206 64
207 65
208 66
209 67
210 68
211 69
212 70
213 70
214 71
215 72
216 73
217 74
218 75
219 76
220 78
221 84
220 85
219 88
218 88
217 90
216 91
215 92
214 93
213 94
212 95
211 96
210 96
209 97
208 98
207 99
206 100
205 101
204 101
203 102
202 102
201 102
200 103
199 103
198 104
197 104
196 104
195 104
194 104
193 105
192 105
191 105
190 105
189 106
188 106
187 107
186 107
185 107
184 108
183 108
182 109
181 110
180 110
179 109
178 107
177 105
176 104
175 103
174 102
173 102
172 101
171 100
170 100
169 99
168 99
167 99
166 99
165 98
164 98
163 98
162 98
161 98
160 99
159 99
158 99
157 99
156 100
155 100
154 101
153 102
152 103
151 104
150 106
149 109
150 118
151 119
152 121
153 122
154 122
155 123
156 123
157 123
158 124
159 124
160 124
161 123
162 123
163 123
164 123
165 123
166 122
167 122
168 121
169 121
170 120
171 120
172 119
173 119
174 118
175 118
176 118
177 119
176 130
175 132
174 134
173 136
172 138
171 140
170 142
169 143
168 145
167 148
166 149
165 150
164 151
163 152
162 152
161 154
160 154
159 154
158 154
157 155
156 155
155 155
154 156
153 157
152 159
151 163
150 163
149 164
148 164
147 164
146 165
145 165
144 165
143 166
142 166
141 167
140 167
139 167
138 167
137 167
136 168
135 168
134 168
133 169
132 169
131 169
130 169
129 168
128 167
127 166
126 165
125 164
124 163
123 162
122 161
121 160
120 159
119 157
118 154
117 152
116 151
115 150
114 149
113 147
112 145
111 143
110 138
279
110 133
111 127
112 122
113 117
114 115
115 112
116 110
117 106
118 104
119 99
120 96
121 93
122 91
123 88
124 85
125 83
126 81
127 78
128 76
129 74
130 73
131 71
132 69
133 68
134 66
135 65
136 63
137 62
138 61
139 59
140 58
141 57
142 56
143 56
144 55
145 54
146 54
147 54
148 53
149 53
150 52
151 52
152 52
153 53
154 53
155 53
156 53
157 52
158 52
159 51
160 51
161 51
162 51
163 51
164 52
165 52
166 52
167 52
168 52
169 53
170 53
171 53
172 53
173 53
174 53
175 53
176 53
177 53
178 54
179 54
180 54
181 54
182 54
183 54
184 55
185 55
186 55
187 55
188 56
189 56
190 56
191 57
192 57
193 57
194 57
195 58
196 58
197 58
198 59
199 60
200 60
201 61
202 62
203 62
204 63
205 64
206 65
207 65
208 66
209 67
210 68
211 69
212 70
213 70
214 71
215 72
216 73
217 74
218 75
219 77
220 80
219 88
218 88
217 89
216 91
215 92
214 93
213 94
212 95
211 96
210 96
209 97
208 98
207 99
206 101
205 101
204 102
203 102
202 103
201 103
200 103
199 103
198 103
197 104
196 104
195 105
194 105
193 105
192 105
191 105
190 106
189 106
188 107
187 107
186 107
185 107
184 108
183 109
182 110
181 110
180 110
179 109
178 107
177 105
176 104
175 103
174 102
173 102
172 101
171 101
170 100
169 100
168 99
167 99
166 99
165 99
164 99
163 98
162 99
161 99
160 99
159 99
158 99
157 100
156 100
155 101
154 101
153 102
152 103
151 104
150 106
149 109
150 118
151 120
152 121
153 122
154 123
155 123
156 124
157 124
158 124
159 124
160 124
161 124
162 124
163 123
164 123
165 123
166 122
167 122
168 121
169 121
170 120
171 120
172 119
173 119
174 118
175 118
176 119
177 120
176 131
175 133
174 135
173 137
172 139
171 142
170 144
169 146
168 148
167 149
166 150
165 151
164 152
163 152
162 153
161 154
160 155
159 155
158 155
157 155
156 155
155 156
154 157
153 160
154 162
153 163
152 164
151 164
150 165
149 165
148 165
147 165
146 166
145 167
144 167
143 168
142 168
141 169
140 169
139 169
138 169
137 170
136 170
135 170
134 170
133 170
132 170
131 169
130 169
129 168
128 167
127 165
126 165
125 164
124 163
123 162
122 161
121 160
120 158
119 157
118 154
117 151
116 150
115 149
114 148
113 146
112 144
111 141
117 155
276
111 128
112 124
113 121
114 118
115 114
116 111
117 108
118 105
119 101
120 98
121 94
122 91
123 89
124 86
125 84
126 81
127 79
128 77
129 75
130 73
131 72
132 70
133 68
134 67
135 65
136 64
137 62
138 61
139 60
140 59
141 58
142 57
143 56
144 55
145 55
146 54
147 54
148 53
149 53
150 53
151 53
152 52
153 53
154 53
155 53
156 53
157 52
158 52
159 52
160 51
161 51
162 51
163 52
164 52
165 52
166 52
167 52
168 53
169 53
170 53
171 53
172 53
173 53
174 53
175 53
176 54
177 54
178 54
179 54
180 54
181 54
182 54
183 55
184 55
185 55
186 55
187 56
188 56
189 56
190 57
191 57
192 57
193 57
194 58
195 58
196 58
197 59
198 59
199 60
200 60
201 61
202 62
203 63
204 63
205 64
206 65
207 66
208 67
209 67
210 68
211 69
212 70
213 71
214 71
215 72
216 73
217 74
218 76
219 77
220 80
219 88
218 88
217 89
216 91
215 92
214 93
213 94
212 95
211 96
210 97
209 97
208 98
207 99
206 100
205 100
204 100
203 101
202 101
201 102
200 102
199 102
198 103
197 103
196 104
195 104
194 104
193 105
192 105
191 106
190 106
189 107
188 107
187 107
186 107
185 107
184 108
183 109
182 110
181 110
180 110
179 109
178 107
177 106
176 104
175 103
174 103
173 102
172 101
171 101
170 100
169 100
168 100
167 99
166 99
165 99
164 99
163 99
162 99
161 99
160 99
159 99
158 100
157 100
156 100
155 101
154 102
153 103
152 103
151 105
150 106
149 109
150 118
151 120
152 121
153 122
154 123
155 124
156 124
157 124
158 124
159 124
160 124
161 124
162 124
163 124
164 123
165 123
166 123
167 122
168 122
169 121
170 121
171 120
172 120
173 119
174 119
175 118
176 119
177 119
176 133
175 134
174 137
173 139
172 141
171 143
170 146
169 148
168 149
167 150
166 151
165 151
164 152
163 153
162 154
161 155
160 155
159 156
158 156
157 157
156 157
155 158
154 160
155 162
154 163
153 164
152 165
151 165
150 166
149 166
148 167
147 167
146 167
145 168
144 168
143 169
142 169
141 169
140 169
139 170
138 170
137 170
136 170
135 170
134 170
133 170
132 170
131 169
130 169
129 168
128 166
127 165
126 165
125 164
124 163
123 162
122 161
121 160
120 158
119 156
118 155
117 151
116 149
115 148
114 147
113 146
112 143
276
111 130
112 127
113 123
114 120
115 116
116 113
117 109
118 106
119 103
120 98
121 95
122 92
123 89
124 86
125 84
126 81
127 79
128 77
129 75
130 74
131 72
132 70
133 69
134 67
135 65
136 64
137 63
138 61
139 60
140 59
141 58
142 57
143 56
144 56
145 55
146 54
147 54
148 54
149 53
150 53
151 53
152 53
153 53
154 54
155 54
156 53
157 52
158 52
159 52
160 52
161 52
162 52
163 52
164 52
165 52
166 52
167 53
168 53
169 53
170 53
171 53
172 53
173 53
174 53
175 54
176 54
177 54
178 54
179 54
180 54
181 54
182 55
183 55
184 55
185 55
186 56
187 56
188 56
189 56
190 57
191 57
192 57
193 58
194 58
195 58
196 59
197 59
198 60
199 60
200 61
201 61
202 62
203 63
204 63
205 64
206 65
207 66
208 67
209 67
210 68
211 69
212 70
213 71
214 72
215 73
216 74
217 75
218 76
219 78
220 80
219 88
218 88
217 89
216 90
215 92
214 93
213 94
212 95
211 96
210 97
209 98
208 99
207 100
206 101
205 101
204 101
203 101
202 101
201 102
200 102
199 103
198 103
197 103
196 104
195 104
194 105
193 105
192 105
191 106
190 106
189 107
188 107
187 108
186 108
185 108
184 109
183 110
182 111
181 111
180 110
179 109
178 107
177 106
176 104
175 103
174 103
173 102
172 101
171 101
170 100
169 100
168 100
167 99
166 99
165 99
164 99
163 99
162 99
161 99
160 99
159 100
158 100
157 100
156 101
155 101
154 102
153 103
152 104
151 105
150 107
149 110
150 118
151 120
152 121
153 122
154 123
155 124
156 124
157 125
158 125
159 125
160 125
161 124
162 124
163 124
164 124
165 123
166 123
167 123
168 122
169 121
170 121
171 120
172 120
173 119
174 119
175 118
176 118
177 119
178 127
177 132
176 134
175 136
174 138
173 140
172 142
171 144
170 147
169 149
168 150
167 151
166 151
165 152
164 153
163 154
162 155
161 156
160 156
159 156
158 157
157 157
156 158
155 159
154 164
153 165
152 166
151 167
150 167
149 168
148 168
147 168
146 169
145 169
144 169
143 169
142 170
141 170
140 170
139 169
138 169
137 169
136 170
135 171
134 171
133 171
132 170
131 170
130 169
129 167
128 166
127 165
126 165
125 164
124 163
123 162
122 161
121 159
120 158
119 156
118 154
117 150
116 149
115 147
114 146
113 144
112 140
285
112 130
113 126
114 122
115 118
116 114
117 110
118 107
119 103
120 103
121 95
122 92
123 89
124 86
125 84
126 82
127 79
128 77
129 75
130 73
131 72
132 70
133 69
134 67
135 65
136 64
137 63
138 61
139 60
140 59
141 58
142 58
143 57
144 56
145 55
146 55
147 54
148 54
149 54
150 53
151 53
152 53
153 54
154 54
155 54
156 53
157 52
158 52
159 52
160 52
161 52
162 52
163 52
164 52
165 52
166 52
167 53
168 53
169 53
170 53
171 53
172 53
173 53
174 54
175 54
176 54
177 54
178 54
179 54
180 54
181 55
182 55
183 55
184 55
185 56
186 56
187 56
188 56
189 57
190 57
191 57
192 58
193 58
194 58
195 59
196 59
197 59
198 60
199 60
200 61
201 62
202 62
203 63
204 64
205 64
206 65
207 66
208 67
209 68
210 69
211 69
212 70
213 71
214 72
215 73
216 74
217 75
218 77
219 78
220 81
221 84
220 85
219 88
218 88
217 89
216 90
215 92
214 93
213 94
212 95
211 96
210 97
209 98
208 99
207 100
206 101
205 101
204 102
203 102
202 102
201 102
200 102
199 103
198 103
197 104
196 104
195 104
194 105
193 105
192 106
191 106
190 107
189 107
188 108
187 108
186 108
185 109
184 109
183 110
182 111
181 111
180 110
179 109
178 108
177 106
176 105
175 104
174 103
173 102
172 102
171 101
170 101
169 100
168 100
167 100
166 99
165 99
164 99
163 99
162 99
161 99
160 100
159 100
158 100
157 100
156 101
155 101
154 102
153 103
152 104
151 105
150 107
149 111
150 118
151 120
152 122
153 123
154 124
155 124
156 125
157 125
158 125
159 125
160 125
161 125
162 125
163 124
164 124
165 124
166 123
167 123
168 122
169 122
170 121
171 121
172 120
173 120
174 119
175 119
176 118
177 120
178 125
185 112
186 111
187 111
188 110
189 110
177 132
176 134
175 137
174 139
173 141
172 143
171 146
170 148
169 149
168 151
167 152
166 152
165 154
164 154
163 155
162 156
161 156
160 157
159 157
158 158
157 159
156 159
155 165
154 166
153 166
152 167
151 168
150 169
149 169
148 169
147 169
146 170
145 170
144 170
143 170
142 170
141 170
140 171
139 171
138 170
137 170
136 170
135 171
134 171
133 171
132 170
131 170
130 169
129 167
128 166
127 166
126 165
125 164
124 163
123 100
122 99
122 102
121 103
120 157
119 156
118 154
117 149
116 148
115 147
114 145
113 143
121 159
122 160
123 162
289
112 134
113 128
114 123
115 118
116 115
117 111
118 107
119 104
120 103
121 95
122 92
123 89
124 86
125 84
126 81
127 79
128 77
129 75
130 73
131 72
132 70
133 68
134 67
135 65
136 64
137 63
138 62
139 61
140 60
141 59
142 58
143 57
144 56
145 56
146 55
147 55
148 54
149 54
150 54
151 54
152 54
153 54
154 55
155 55
156 53
157 53
158 52
159 52
160 52
161 52
162 52
163 52
164 52
165 52
166 53
167 53
168 53
169 53
170 53
171 53
172 53
173 54
174 54
175 54
176 54
177 54
178 54
179 55
180 55
181 55
182 55
183 55
184 56
185 56
186 56
187 56
188 57
189 57
190 57
191 58
192 58
193 58
194 59
195 59
196 59
197 60
198 60
199 61
200 61
201 62
202 63
203 63
204 64
205 65
206 65
207 66
208 67
209 68
210 69
211 70
212 70
213 71
214 72
215 73
216 74
217 76
218 77
219 79
220 81
219 88
218 88
217 89
216 90
215 92
214 93
213 94
212 95
211 96
210 97
209 98
208 99
207 99
206 100
205 101
204 102
203 102
202 102
201 102
200 102
199 103
198 103
197 104
196 104
195 104
194 105
193 105
192 106
191 106
190 107
189 108
188 108
187 108
186 109
185 109
184 110
183 110
182 110
181 110
180 111
179 109
178 108
177 106
176 105
175 104
174 103
173 102
172 102
171 101
170 101
169 100
168 100
167 100
166 100
165 100
164 99
163 99
162 99
161 100
160 100
159 100
158 100
157 101
156 101
155 102
154 103
153 103
152 104
151 106
150 108
149 111
150 118
151 120
152 122
153 123
154 124
155 125
156 125
157 125
158 125
159 125
160 125
161 125
162 125
163 125
164 124
165 124
166 124
167 123
168 123
169 122
170 122
171 121
172 121
173 120
174 120
175 119
176 119
177 118
178 117
179 116
178 125
177 121
177 134
176 136
175 139
174 141
173 143
172 146
171 147
170 149
169 150
168 152
167 153
166 154
165 155
164 155
163 156
162 156
161 157
160 158
159 158
158 159
157 161
156 163
155 166
154 167
153 168
152 168
151 169
150 170
149 170
148 170
147 170
146 171
145 171
144 171
143 171
142 171
141 171
140 171
139 171
138 172
137 172
136 172
135 172
134 171
133 171
132 170
131 170
130 169
129 167
128 166
127 107
126 104
125 102
124 101
123 100
122 99
121 103
122 104
123 105
124 108
125 108
126 108
127 166
126 165
125 164
124 163
123 162
122 160
121 159
120 157
119 155
118 153
117 149
116 148
115 146
114 144
113 140
286
113 129
114 124
115 119
116 115
117 111
118 107
119 103
120 103
121 95
122 92
123 89
124 86
125 83
126 81
127 79
128 77
129 75
130 73
131 71
132 70
133 68
134 67
135 65
136 64
137 63
138 62
139 61
140 60
141 59
142 58
143 57
144 57
145 56
146 56
147 55
148 55
149 54
150 54
151 54
152 54
153 55
154 54
155 55
156 54
157 53
158 53
159 53
160 52
161 52
162 52
163 52
164 52
165 53
166 53
167 53
168 53
169 53
170 53
171 54
172 54
173 54
174 54
175 54
176 54
177 55
178 55
179 55
180 55
181 55
182 55
183 56
184 56
185 56
186 56
187 57
188 57
189 57
190 58
191 58
192 58
193 59
194 59
195 59
196 60
197 60
198 61
199 61
200 62
201 62
202 63
203 63
204 64
205 65
206 66
207 66
208 67
209 68
210 69
211 70
212 71
213 72
214 73
215 74
216 75
217 76
218 78
219 79
220 82
219 88
218 89
217 89
216 90
215 91
214 93
213 94
212 95
211 96
210 97
209 98
208 99
207 100
206 100
205 101
204 101
203 101
202 102
201 102
200 102
199 103
198 103
197 104
196 104
195 105
194 105
193 106
192 106
191 107
190 107
189 108
188 108
187 108
186 109
185 109
184 110
183 110
182 110
181 110
180 111
179 110
178 108
177 106
176 105
175 104
174 103
173 102
172 102
171 101
170 101
169 101
168 100
167 100
166 100
165 100
164 100
163 100
162 100
161 100
160 100
159 100
158 101
157 101
156 101
155 102
154 103
153 104
152 105
151 106
150 108
149 113
150 117
151 121
152 122
153 123
154 124
155 125
156 125
157 125
158 126
159 126
160 126
161 125
162 125
163 125
164 125
165 124
166 124
167 124
168 123
169 122
170 122
171 121
172 121
173 120
174 120
175 120
176 120
177 121
178 125
179 129
178 132
177 136
176 137
175 140
174 142
173 145
172 147
171 148
170 150
169 151
168 153
167 154
166 155
165 155
164 156
163 156
162 157
161 159
160 159
159 160
160 163
159 165
158 166
157 166
156 166
155 167
154 168
153 169
152 169
151 170
150 170
149 171
148 171
147 171
146 172
145 172
144 172
143 172
142 172
141 172
140 172
139 173
138 173
137 173
136 172
135 172
134 172
133 171
132 170
131 170
130 170
129 167
128 167
127 166
126 104
125 102
124 101
123 100
122 99
122 103
121 103
120 156
119 155
118 152
117 148
116 147
115 146
114 142
121 158
122 160
123 104
124 107
125 107
126 165
125 164
124 163
123 161
286
113 132
114 125
115 121
116 116
117 111
118 107
119 103
120 102
121 95
122 92
123 88
124 85
125 83
126 80
127 78
128 76
129 74
130 73
131 71
132 69
133 68
134 67
135 65
136 64
137 63
138 62
139 61
140 60
141 59
142 58
143 58
144 57
145 57
146 56
147 56
148 55
149 55
150 54
151 54
152 54
153 54
154 54
155 55
156 54
157 54
158 53
159 53
160 53
161 53
162 53
163 53
164 53
165 53
166 53
167 53
168 53
169 54
170 54
171 54
172 54
173 54
174 54
175 54
176 55
177 55
178 55
179 55
180 55
181 56
182 56
183 56
184 56
185 56
186 57
187 57
188 57
189 58
190 58
191 58
192 58
193 59
194 59
195 59
196 60
197 60
198 61
199 61
200 62
201 63
202 63
203 64
204 64
205 65
206 66
207 67
208 68
209 69
210 69
211 70
212 71
213 72
214 73
215 74
216 75
217 77
218 78
219 81
220 84
219 87
218 89
217 89
216 90
215 91
214 92
213 93
212 94
211 96
210 97
209 98
208 99
207 99
206 100
205 100
204 101
203 101
202 101
201 102
200 102
199 103
198 103
197 104
196 105
195 105
194 105
193 106
192 106
191 107
190 107
189 108
188 108
187 109
186 109
185 109
184 110
183 110
182 110
181 111
180 111
179 110
178 108
177 106
176 105
175 104
174 103
173 102
172 102
171 101
170 101
169 101
168 100
167 100
166 100
165 100
164 100
163 100
162 100
161 100
160 100
159 101
158 101
157 101
156 102
155 102
154 103
153 104
152 105
151 107
150 109
151 121
152 122
153 124
154 124
155 125
156 126
157 126
158 126
159 126
160 126
161 126
162 126
163 125
164 125
165 125
166 124
167 124
168 123
169 123
170 122
171 122
172 121
173 121
174 120
175 120
176 120
177 121
178 124
179 129
178 133
177 136
176 138
175 142
174 144
173 147
172 148
171 149
170 151
169 152
168 154
167 155
166 155
165 156
164 157
163 158
162 159
161 161
160 162
159 164
158 167
157 167
156 167
155 168
154 169
153 170
152 171
151 171
150 171
149 172
148 172
147 172
146 172
145 172
144 172
143 173
142 173
141 174
140 174
139 174
138 173
137 173
136 173
135 172
134 172
133 171
132 171
131 170
130 170
129 169
128 107
127 105
126 103
125 102
124 100
123 99
122 99
122 103
121 103
120 156
119 154
118 152
117 147
116 146
115 145
114 140
121 158
122 160
123 104
124 106
125 108
126 109
127 111
128 168
127 166
126 165
125 164
124 162
123 161
